[General]
NumDet=4
Pair1=AxD
Pair2=BxC
mec2=510.9989461

[A]
CDBOffset=7658
EnergyChannel=0.0561847
EnergyOffset=0.0

[B]
CDBOffset=7809
EnergyChannel=0.06102
EnergyOffset=0.0

[Background]
Distance=0.5
Width=0.5

[C]
CDBOffset=7824
EnergyChannel=0.06137
EnergyOffset=0.0

[Calibration]
Center0="30,30"
Center1=517, 516
Coinc0=62.48, 61.26
Coinc1=61.02, 61.37
Peak0=8167
Peak1=8167
Peak2=8167
Peak3=8167
Single0=62.48
Single1=61.02
Single2=61.37
Single3=61.26

[D]
CDBOffset=7855
EnergyChannel=0.0560999
EnergyOffset=0.0
